7 5
 1  3  1  7  2
13  8 12 12  6
 7  8  6  5  7
 1 14 11 10  1
13  6  9 11  6
 4  4  2 10  4
 3  9 10  3 10
 2  1 13  3  8
7 6
 6  7  0  4  2  4
13  8  9  9  2  4
 6  6 12  8  4 11
10 12  2  3  8  5
 9 11 13 14  3  5
 3  3 11  5 11  4
10  1  1  7  6  4
14  1 10  2  9 12
15 3
 9 12 10
10  7  4
 3  9  3
10 10  6
 7  9  5
 4 14  8
 5 13  2
 9  5  2
13  4  3
 3 12  1
 8  9 11
 8  1 12
 1  6 11
10  2 13
 8 11 13
 4  7  6
9 3
 9  9  0
 3 10  3
14 10  3
 8  8  9
 1 13  9
12 10  9
 7  6  1
 5 12  4
13  7 11
 6  5 11
11 4
 4  3  9  8
 1 10  6  3
12  5 11 13
10  1  7  3
 8  5  4 12
 6 10 11  9
 2  3  4  8
14  9 10 13
 1  2  8  2
 3  7 11  6
11  7  4 13
 5  1 13  2
1 5
 0  1  0  0  1
12 13 14  4  8
4 5
 3  2  3  2  1
10  9  5 13 13
 3  7  2 13  6
 4 11  8  2  2
12 14  1  2 12
9 6
 8  3  0  1  7  8
 5  6  3  2  3  9
 7  5 12 11 13  9
 2  4  8 13  3  9
 5 14 10  3  8 10
 8 12 14  6  4  1
 7  8  9 11  4 12
 2 11 13  2  5 11
 7  1 13  7 10  6
 4  1 12  1 10  6
4 5
 3  0  2  2  2
14  3  8 13  9
 1  4  9 10 12
 3 11  4  8  6
 4 12  7 12  5
6 5
 3  6  4  2  5
12  9  5  9  6
 4 11  3  4  9
 1 12 11 10  5
13 10 10  7  2
13 11 10  3  2
 8 13 12  3  7
1 5
 1  1  0  0  1
 1  6  6 13 12
2 4
 0  1  1  0
12 13  3 10
 2  7  6  1
17 3
13  2 10
10  9  7
 5  3  2
 5  9  2
 6  7  2
 3 12 13
 5  7 12
11 11  8
10 13 14
 4  1  4
 5 10  1
 8 12 12
 6  1 13
11  2  8
 3 10 13
 6  4  9
 4  1 11
 8  9  3
9 5
 3  8  7  5  2
12 13  2  9 10
 5 10  7 11 14
 6  2 13  5  2
 9  4 13  5 11
 7  8 12  8  8
 3  9 11  6  1
12  6 12 10  3
 1  4  1  4  7
11  3  1 14 13
3 3
 3  3  1
 2 11 11
12  9 14
13  9  7
6 5
 2  4  2  2  0
 3 11  5  1  3
 4  2  2  5 10
 3  8 11 13  9
13  7  8  6 12
 7 11  5  8  5
 8 10 14 10  3
3 3
 2  3  2
12  6  9
12  8  1
14  9  5
12 4
10  6  7  4
 7 11  2  2
 1 13  3 13
 6  5  6 11
 6 10  5  3
 9 13  3 11
 8  9  1 12
 7 14  1  7
 5  4  9  4
 6 10 10 12
13  4  2  5
 3  2 12  9
11  7  8 12
8 6
 7  8  0  7  2  7
 9  3  5  5 11 13
 3  1  1 12  9 11
 6  5 14 12  9 14
10  2  2  6  4  6
 8 10  7  1  8 12
11  7  8 13  4 13
 3  4 11  6 13  2
 1 12  8  7  7 10
8 6
 7  8  1  2  8  3
 8  9 10 11  4  8
 4  9  8  3 10  2
 2  1 10  6  7 12
13  3 11  6  6  7
 1  9  4 11 13  7
12  5 11  5  2 14
 8  7  1  3 13  6
 9  3 13 12 14  2
0 0
